0.316757 -0.0205656 -0.709162
0.2958 -0.0264661 -0.741076
0.272337 -0.0298582 -0.769282
0.24645 -0.0316887 -0.793896
0.218273 -0.0326572 -0.814694
0.187982 -0.0332162 -0.83111
0.155805 -0.0335708 -0.842233
0.122016 -0.0336793 -0.846816
0.0872669 -0.0335201 -0.843932
0.0525912 -0.0330924 -0.832976
0.0194001 -0.0324158 -0.813667
-0.0105153 -0.0315302 -0.786049
-0.0359201 -0.0304786 -0.750301
-0.056135 -0.029307 -0.706741
-0.0710367 -0.0280644 -0.655826
-0.0810577 -0.0268027 -0.598148
-0.0866975 -0.0255929 -0.534964
-0.0885233 -0.0245252 -0.468189
-0.0871693 -0.0237087 -0.400402
-0.0833368 -0.0232718 -0.334841
-0.0779441 -0.021714 -0.273359
-0.0721262 -0.0159057 -0.216422
-0.0672347 -0.00108837 -0.163109
-0.0648381 0.0291254 -0.111112
-0.0655684 0.0771416 -0.0601283
-0.0691211 0.141385 -0.0118612
-0.0742555 0.216298 0.0299824
-0.0787941 0.292343 0.0596899
-0.0818176 0.362273 0.0733471
-0.0836648 0.42113 0.0688373
-0.0859324 0.46625 0.0458419
-0.0914752 0.497259 0.00584017
-0.102261 0.514017 -0.0480654
-0.119372 0.516619 -0.111149
-0.143001 0.505397 -0.177061
-0.172458 0.480916 -0.23783
-0.206744 0.444685 -0.288234
-0.244552 0.399157 -0.325803
-0.284271 0.347726 -0.350818
-0.323982 0.294731 -0.366312
-0.361997 0.243456 -0.374237
-0.396859 0.196127 -0.375466
-0.42734 0.153913 -0.369793
-0.452444 0.116931 -0.355932
-0.471196 0.0852543 -0.332474
-0.482637 0.0589179 -0.297882
-0.485831 0.0379166 -0.250501
-0.47986 0.0222051 -0.188548
-0.464809 0.0114233 -0.113054
-0.441769 0.0048957 -0.0278669
-0.412831 0.0016319 0.0603542
-0.381094 0.00032638 0.142134
-0.348612 0 0.211445
-0.316397 0 0.265703
-0.284421 0 0.305772
-0.251611 0 0.335959
-0.217062 0.000379764 0.359596
-0.180033 0.00189882 0.379034
-0.139953 0.00569646 0.395647
-0.0964136 0.0132917 0.409829
-0.0498118 0.0246847 0.421489
-0.00134806 0.0383562 0.43005
0.0469731 0.0512681 0.434446
0.0923436 0.0588634 0.433125
0.133114 0.0588829 0.425254
0.168794 0.0513654 0.410713
0.200053 0.0386479 0.390104
0.228718 0.0253653 0.364739
0.255714 0.0152399 0.335665
0.281068 0.0110807 0.303653
0.3039 0.0147844 0.269204
0.322434 0.0273344 0.232547
0.335905 0.0484752 0.194103
0.344566 0.076712 0.15449
0.349683 0.109311 0.114517
0.353539 0.1423 0.0751873
0.357862 0.172637 0.0366538
0.363828 0.198216 -0.00178303
0.372056 0.217863 -0.0416735
0.382615 0.231335 -0.0854192
0.394869 0.238193 -0.134099
0.407484 0.2378 -0.187466
0.418421 0.229323 -0.243953
0.424941 0.211729 -0.300666
0.425573 0.185409 -0.355634
0.420112 0.152173 -0.407804
0.40962 0.115256 -0.457046
0.396427 0.0793101 -0.504148
0.382067 0.0475757 -0.54952
0.367274 0.0218767 -0.593189
0.35199 0.00262181 -0.634805
0.335358 -0.0111951 -0.673636
