-0.387211 0.162492 0.4576
-0.294993 0.263536 0.483317
-0.208628 0.369065 0.499085
-0.0471224 0.445225 0.5
0.0957516 0.425726 0.5
0.232287 0.342012 0.496338
0.362901 0.240762 0.498169
0.469127 0.112119 0.5
0.661171 -0.0192704 0.375
0.782025 -0.0206668 0.249999
0.84235 0.0200575 0.108739
0.869283 0.0582811 -0.0235415
0.842858 0.0911684 -0.190022
0.773758 0.106366 -0.348468
0.669406 0.100622 -0.454642
0.531195 0.0556391 -0.514748
0.326446 -0.00383143 -0.530478
0.15213 0.00102588 -0.518331
0.0184624 0.00779635 -0.511858
-0.0448113 0.035772 -0.50006
-0.0782892 0.0818519 -0.509883
-0.0699214 0.153921 -0.507179
-0.0128321 0.19677 -0.501146
0.0702464 0.19626 -0.492122
0.116848 0.150817 -0.477006
0.123628 0.0877848 -0.455867
0.078966 0.034262 -0.447453
0.0252554 0.0113078 -0.44817
-0.0966937 0.00357294 -0.442777
-0.21015 -0.00127888 -0.438918
-0.343481 0 -0.433255
-0.411006 0 -0.366509
-0.485168 0 -0.273028
-0.494438 0 -0.199941
-0.5 0 -0.125
-0.5 0 0
-0.5 0 0.125
-0.5 0 0.25
-0.487022 0 0.345335
-0.438147 0.0584967 0.427289
