-1.163 0.119746 -0.0755834
-0.987814 0.121091 0.0718562
-0.843876 0.10759 0.120778
-0.707408 0.111736 0.1697
-0.601315 0.176064 0.198028
-0.523034 0.247642 0.226355
-0.455309 0.309406 0.237343
-0.360032 0.372117 0.265628
-0.25321 0.410883 0.288844
-0.120485 0.377712 0.335715
-0.0269192 0.294988 0.377066
0.0783949 0.226346 0.392645
0.180991 0.144039 0.41166
0.262654 0.0737442 0.399844
0.338962 0.00892746 0.380561
0.40911 0 0.352949
0.465092 0.0108936 0.307775
0.460673 0.1 0.276694
0.405786 0.181505 0.263632
0.352931 0.113347 0.210464
0.354841 -0.00298572 0.182158
0.437848 -0.0271569 0.196503
0.51509 0.011617 0.162684
0.494322 0.1 0.13871
0.460378 0.159973 0.135599
0.381567 0.1 0.0943842
0.351244 -0.00169778 0.0501963
0.416089 -0.024161 0.0388236
0.505742 0.0132474 0.0274509
0.571888 0.0756394 0.00810191
0.620496 0.162926 -0.0291222
0.596942 0.214933 -0.121938
0.540569 0.20092 -0.263712
0.44614 0.139546 -0.316516
0.351489 0.0608992 -0.351417
0.244228 1.00769e-06 -0.362147
-0.0553346 -0.0250002 -0.367952
-0.123944 0.0849998 -0.382147
-0.0387736 0.175 -0.385696
0.0807014 0.175 -0.390428
0.156408 0.0849998 -0.409354
0.134216 -0.0250002 -0.459651
-0.341691 -0.0203786 -0.491696
-0.744384 -0.02981 -0.53974
-0.878662 -0.0280047 -0.540139
-0.970806 -0.0157718 -0.534921
-1.02797 0.00222428 -0.517438
-1.15875 0.0375366 -0.44366
-1.23022 0.065652 -0.343283
-1.22387 0.0991165 -0.21123
