-0.672516 0.162492 0.482423
-0.577907 0.234679 0.510739
-0.49024 0.306769 0.509508
-0.407297 0.339274 0.504078
-0.318113 0.34631 0.504301
-0.223811 0.381619 0.499085
-0.133944 0.415641 0.499543
-0.0398427 0.439159 0.5
0.0957516 0.425726 0.5
0.164019 0.383869 0.498169
0.232287 0.342012 0.496338
0.362901 0.240762 0.498169
0.469127 0.112119 0.5
0.661171 -0.0192704 0.375
0.782025 -0.0206668 0.249999
0.84235 0.0200575 0.108739
0.869283 0.0582811 -0.0235415
0.842858 0.0911684 -0.190022
0.773758 0.106366 -0.348468
0.669406 0.100622 -0.454642
0.531195 0.0556391 -0.514748
0.326446 -0.00383143 -0.530478
0.15213 0.00102588 -0.518331
0.0184624 0.00779635 -0.511858
-0.0448113 0.035772 -0.50006
-0.0782892 0.0818519 -0.509883
-0.0699214 0.153921 -0.507179
-0.0128321 0.19677 -0.501146
0.0702464 0.19626 -0.492122
0.116848 0.150817 -0.477006
0.123628 0.0877848 -0.455867
0.078966 0.034262 -0.447453
0.0252554 0.0113078 -0.44817
-0.0966937 0.00357294 -0.442777
-0.237708 -0.00127888 -0.475088
-0.401608 -0.00063944 -0.474821
-0.548288 0 -0.448745
-0.645553 0 -0.406072
-0.718724 0 -0.365121
-0.767069 0 -0.285409
-0.791829 0 -0.20888
-0.802554 0 -0.128775
-0.812881 0 -0.0278703
-0.819765 0 0.0988508
-0.815285 0 0.227791
-0.803345 0 0.320907
-0.760223 0.0584967 0.429271
