-0.780109 0.206285 0.0671074
-0.700614 0.285915 0.134951
-0.59 0.357886 0.254246
-0.468156 0.465301 0.250371
-0.328798 0.562769 0.246495
-0.128921 0.511432 0.334511
0.02971 0.390373 0.405986
0.106569 0.292841 0.415204
0.1678 0.195763 0.424423
0.313732 0 0.398944
0.504489 0 0.306954
0.416857 0.2 0.246434
0.329225 0 0.185915
0.541285 0 0.165581
0.447359 0.2 0.11184
0.353433 0 0.058099
0.548063 0.1 0.031954
0.644894 0.3 -0.175264
0.503521 0.1 -0.266285
0.220775 0 -0.287304
-0.075742 -0.025 -0.256548
-0.144351 0.085 -0.270743
-0.059181 0.175 -0.274292
0.060294 0.175 -0.279024
0.136001 0.085 -0.29795
0.115891 -0.025 -0.292036
-0.251761 0 -0.307923
-0.578777 0.0937326 -0.274744
-0.659544 0.113515 -0.262667
-0.728857 0.135725 -0.225457
-0.787944 0.139319 -0.161086
-0.823726 0.170656 -0.0725576
